report:              precision    recall  f1-score   support

           0       0.34      0.79      0.48       395
           1       0.17      0.13      0.15       357
           2       0.27      0.25      0.26       311
           3       0.30      0.05      0.09       245
           4       0.00      0.00      0.00       151
           5       0.00      0.00      0.00        77

    accuracy                           0.29      1536
   macro avg       0.18      0.20      0.16      1536
weighted avg       0.23      0.29      0.22      1536
matrix:[[314  38  39   4   0   0]
 [268  46  41   2   0   0]
 [146  76  78  11   0   0]
 [ 95  61  76  13   0   0]
 [ 67  38  35  11   0   0]
 [ 37  18  19   3   0   0]]report:              precision    recall  f1-score   support

           0       0.39      0.30      0.34       395
           1       0.37      0.59      0.46       357
           2       0.31      0.65      0.42       311
           3       0.33      0.01      0.02       245
           4       0.00      0.00      0.00       151
           5       0.00      0.00      0.00        77

    accuracy                           0.35      1536
   macro avg       0.23      0.26      0.21      1536
weighted avg       0.30      0.35      0.28      1536
matrix:[[117 180  97   1   0   0]
 [ 26 211 120   0   0   0]
 [ 39  69 203   0   0   0]
 [ 54  50 138   3   0   0]
 [ 43  36  67   5   0   0]
 [ 18  20  39   0   0   0]]report:              precision    recall  f1-score   support

           0       0.43      0.80      0.56       395
           1       0.61      0.56      0.59       357
           2       0.58      0.44      0.50       311
           3       0.43      0.41      0.42       245
           4       0.17      0.01      0.02       151
           5       0.00      0.00      0.00        77

    accuracy                           0.49      1536
   macro avg       0.37      0.37      0.35      1536
weighted avg       0.46      0.49      0.45      1536
matrix:[[315  39  24  16   1   0]
 [116 201  24  15   1   0]
 [ 88  57 136  28   2   0]
 [ 87  13  41 101   3   0]
 [ 76  13   4  56   2   0]
 [ 43   6   5  20   3   0]]report:              precision    recall  f1-score   support

           0       0.46      0.75      0.57       395
           1       0.41      0.41      0.41       357
           2       0.40      0.41      0.41       311
           3       0.42      0.38      0.40       245
           4       0.00      0.00      0.00       151
           5       0.00      0.00      0.00        77

    accuracy                           0.43      1536
   macro avg       0.28      0.33      0.30      1536
weighted avg       0.36      0.43      0.39      1536
matrix:[[296  64  20  15   0   0]
 [101 146  96  14   0   0]
 [100  43 127  41   0   0]
 [ 68  43  40  94   0   0]
 [ 53  36  16  46   0   0]
 [ 21  25  17  12   2   0]]report:              precision    recall  f1-score   support

           0       0.65      0.58      0.61       395
           1       0.44      0.75      0.55       357
           2       0.47      0.61      0.53       311
           3       0.57      0.29      0.38       245
           4       0.82      0.21      0.34       151
           5       0.00      0.00      0.00        77

    accuracy                           0.51      1536
   macro avg       0.49      0.41      0.40      1536
weighted avg       0.54      0.51      0.49      1536
matrix:[[230 101  56   6   2   0]
 [ 44 268  37   8   0   0]
 [ 26  90 189   6   0   0]
 [ 33  46  94  70   2   0]
 [ 15  54  19  31  32   0]
 [  5  57  11   1   3   0]]report:              precision    recall  f1-score   support

           0       0.55      0.84      0.67       395
           1       0.45      0.72      0.56       357
           2       0.48      0.47      0.47       311
           3       0.62      0.13      0.22       245
           4       0.72      0.09      0.15       151
           5       0.00      0.00      0.00        77

    accuracy                           0.51      1536
   macro avg       0.47      0.37      0.34      1536
weighted avg       0.51      0.51      0.45      1536
matrix:[[330  44  18   3   0   0]
 [ 93 256   7   1   0   0]
 [ 64 102 145   0   0   0]
 [ 55  64  93  33   0   0]
 [ 39  58  26  15  13   0]
 [ 15  41  15   1   5   0]]report:              precision    recall  f1-score   support

           0       0.46      0.89      0.61       395
           1       0.48      0.60      0.53       357
           2       0.61      0.41      0.49       311
           3       0.81      0.24      0.38       245
           4       0.63      0.21      0.32       151
           5       0.00      0.00      0.00        77

    accuracy                           0.51      1536
   macro avg       0.50      0.39      0.39      1536
weighted avg       0.55      0.51      0.47      1536
matrix:[[351  28  12   2   2   0]
 [127 215  13   2   0   0]
 [ 95  87 126   3   0   0]
 [ 86  50  40  60   9   0]
 [ 64  40   8   7  32   0]
 [ 35  28   6   0   8   0]]report:              precision    recall  f1-score   support

           0       0.69      0.66      0.68       395
           1       0.53      0.80      0.64       357
           2       0.65      0.61      0.63       311
           3       0.66      0.42      0.51       245
           4       0.38      0.45      0.41       151
           5       0.00      0.00      0.00        77

    accuracy                           0.59      1536
   macro avg       0.49      0.49      0.48      1536
weighted avg       0.58      0.59      0.57      1536
matrix:[[260  80  23  17  15   0]
 [ 26 285  29   8   9   0]
 [ 22  68 191  19  11   0]
 [ 28  46  31 103  37   0]
 [ 26  35  12  10  68   0]
 [ 13  19   8   0  37   0]]report:              precision    recall  f1-score   support

           0       0.68      0.72      0.70       395
           1       0.54      0.80      0.64       357
           2       0.60      0.62      0.61       311
           3       0.57      0.49      0.53       245
           4       0.63      0.21      0.31       151
           5       0.00      0.00      0.00        77

    accuracy                           0.60      1536
   macro avg       0.50      0.47      0.47      1536
weighted avg       0.58      0.60      0.57      1536
matrix:[[286  56  35  13   5   0]
 [ 44 287  19   7   0   0]
 [ 31  63 193  24   0   0]
 [ 37  43  43 121   1   0]
 [ 11  54  20  35  31   0]
 [ 10  33  10  12  12   0]]report:              precision    recall  f1-score   support

           0       0.64      0.75      0.69       395
           1       0.54      0.81      0.64       357
           2       0.62      0.61      0.61       311
           3       0.62      0.43      0.51       245
           4       0.49      0.17      0.25       151
           5       1.00      0.04      0.07        77

    accuracy                           0.59      1536
   macro avg       0.65      0.47      0.46      1536
weighted avg       0.61      0.59      0.56      1536
matrix:[[298  56  25  11   5   0]
 [ 43 288  18   7   1   0]
 [ 41  71 190   8   1   0]
 [ 37  52  50 105   1   0]
 [ 28  42  18  37  26   0]
 [ 19  28   7   1  19   3]]report:              precision    recall  f1-score   support

           0       0.73      0.67      0.70       395
           1       0.50      0.84      0.63       357
           2       0.56      0.61      0.59       311
           3       0.71      0.37      0.49       245
           4       0.57      0.36      0.44       151
           5       0.67      0.08      0.14        77

    accuracy                           0.59      1536
   macro avg       0.62      0.49      0.50      1536
weighted avg       0.62      0.59      0.57      1536
matrix:[[266  82  32   8   7   0]
 [ 33 299  18   4   3   0]
 [ 11 102 191   4   2   1]
 [ 33  41  73  91   7   0]
 [ 13  44  18  19  55   2]
 [  9  27   9   3  23   6]]report:              precision    recall  f1-score   support

           0       0.66      0.72      0.69       395
           1       0.70      0.72      0.71       357
           2       0.63      0.68      0.65       311
           3       0.62      0.57      0.59       245
           4       0.40      0.46      0.42       151
           5       0.00      0.00      0.00        77

    accuracy                           0.63      1536
   macro avg       0.50      0.52      0.51      1536
weighted avg       0.60      0.63      0.61      1536
matrix:[[286  36  35  18  20   0]
 [ 44 257  29  14  13   0]
 [ 33  37 210  19  11   1]
 [ 40  15  34 139  17   0]
 [ 21  17  15  29  69   0]
 [ 11   7  10   5  44   0]]report:              precision    recall  f1-score   support

           0       0.54      0.85      0.66       395
           1       0.65      0.75      0.70       357
           2       0.73      0.61      0.67       311
           3       0.74      0.46      0.57       245
           4       0.53      0.31      0.39       151
           5       0.71      0.06      0.12        77

    accuracy                           0.62      1536
   macro avg       0.65      0.51      0.52      1536
weighted avg       0.65      0.62      0.60      1536
matrix:[[336  29  21   6   3   0]
 [ 66 269  18   3   1   0]
 [ 63  39 190  19   0   0]
 [ 77  25   8 113  22   0]
 [ 52  31  11   8  47   2]
 [ 24  19  11   3  15   5]]report:              precision    recall  f1-score   support

           0       0.70      0.73      0.71       395
           1       0.65      0.78      0.71       357
           2       0.54      0.77      0.63       311
           3       0.65      0.52      0.58       245
           4       0.73      0.28      0.41       151
           5       0.75      0.04      0.07        77

    accuracy                           0.64      1536
   macro avg       0.67      0.52      0.52      1536
weighted avg       0.65      0.64      0.61      1536
matrix:[[287  41  41  22   4   0]
 [ 32 279  35  10   1   0]
 [ 22  43 239   6   1   0]
 [ 31  22  63 127   2   0]
 [ 24  25  33  25  43   1]
 [ 12  16  32   6   8   3]]report:              precision    recall  f1-score   support

           0       0.67      0.71      0.69       395
           1       0.53      0.84      0.65       357
           2       0.58      0.67      0.62       311
           3       0.65      0.38      0.48       245
           4       0.67      0.23      0.34       151
           5       0.00      0.00      0.00        77

    accuracy                           0.59      1536
   macro avg       0.52      0.47      0.46      1536
weighted avg       0.58      0.59      0.56      1536
matrix:[[280  80  25   9   1   0]
 [ 26 299  27   4   1   0]
 [ 22  78 208   2   1   0]
 [ 44  39  67  92   3   0]
 [ 26  47  20  24  34   0]
 [ 21  22  13  10  11   0]]report:              precision    recall  f1-score   support

           0       0.62      0.85      0.72       395
           1       0.64      0.75      0.69       357
           2       0.70      0.65      0.67       311
           3       0.64      0.59      0.61       245
           4       0.79      0.36      0.49       151
           5       0.80      0.05      0.10        77

    accuracy                           0.65      1536
   macro avg       0.70      0.54      0.55      1536
weighted avg       0.67      0.65      0.63      1536
matrix:[[335  27  14  17   2   0]
 [ 66 266  16   6   3   0]
 [ 42  52 202  15   0   0]
 [ 46  29  23 144   3   0]
 [ 31  21  19  25  54   1]
 [ 16  19  14  18   6   4]]report:              precision    recall  f1-score   support

           0       0.57      0.85      0.68       395
           1       0.64      0.75      0.69       357
           2       0.74      0.64      0.69       311
           3       0.66      0.47      0.55       245
           4       0.73      0.34      0.47       151
           5       1.00      0.10      0.19        77

    accuracy                           0.64      1536
   macro avg       0.72      0.53      0.54      1536
weighted avg       0.67      0.64      0.62      1536
matrix:[[337  37   9  11   1   0]
 [ 60 268  18   6   5   0]
 [ 45  52 199  14   1   0]
 [ 65  32  28 116   4   0]
 [ 53  16   9  21  52   0]
 [ 36  13   5   7   8   8]]report:              precision    recall  f1-score   support

           0       0.67      0.75      0.71       395
           1       0.54      0.76      0.63       357
           2       0.65      0.64      0.65       311
           3       0.65      0.53      0.58       245
           4       0.71      0.34      0.46       151
           5       0.83      0.06      0.12        77

    accuracy                           0.62      1536
   macro avg       0.68      0.52      0.53      1536
weighted avg       0.64      0.62      0.61      1536
matrix:[[298  42  32  16   6   1]
 [ 56 273  23   4   1   0]
 [ 22  72 200  17   0   0]
 [ 27  54  30 129   5   0]
 [ 24  42   9  24  52   0]
 [ 16  25  12  10   9   5]]report:              precision    recall  f1-score   support

           0       0.63      0.77      0.69       395
           1       0.66      0.72      0.69       357
           2       0.70      0.70      0.70       311
           3       0.67      0.56      0.61       245
           4       0.48      0.45      0.46       151
           5       0.83      0.06      0.12        77

    accuracy                           0.64      1536
   macro avg       0.66      0.54      0.55      1536
weighted avg       0.65      0.64      0.63      1536
matrix:[[304  35  26  15  15   0]
 [ 54 258  22  14   9   0]
 [ 26  46 217  12  10   0]
 [ 39  29  25 137  14   1]
 [ 31  16  15  21  68   0]
 [ 26   9   6   4  27   5]]report:              precision    recall  f1-score   support

           0       0.65      0.86      0.74       395
           1       0.66      0.71      0.68       357
           2       0.65      0.68      0.66       311
           3       0.60      0.55      0.57       245
           4       0.44      0.23      0.30       151
           5       1.00      0.01      0.03        77

    accuracy                           0.63      1536
   macro avg       0.67      0.51      0.50      1536
weighted avg       0.64      0.63      0.61      1536
matrix:[[340  21  16  11   7   0]
 [ 71 254  19  10   3   0]
 [ 26  63 210   9   3   0]
 [ 42  20  44 135   4   0]
 [ 30  18  19  50  34   0]
 [ 16  10  13  11  26   1]]report:              precision    recall  f1-score   support

           0       0.65      0.77      0.71       395
           1       0.68      0.78      0.73       357
           2       0.75      0.62      0.68       311
           3       0.69      0.48      0.57       245
           4       0.50      0.54      0.52       151
           5       0.51      0.40      0.45        77

    accuracy                           0.66      1536
   macro avg       0.63      0.60      0.61      1536
weighted avg       0.66      0.66      0.65      1536
matrix:[[306  49  14   6  18   2]
 [ 27 280  29  11   6   4]
 [ 38  35 193  28  10   7]
 [ 57  20   8 118  33   9]
 [ 26  22   9   5  81   8]
 [ 18   6   5   2  15  31]]report:              precision    recall  f1-score   support

           0       0.78      0.71      0.75       395
           1       0.58      0.85      0.69       357
           2       0.63      0.72      0.67       311
           3       0.64      0.55      0.59       245
           4       0.77      0.36      0.50       151
           5       0.73      0.10      0.18        77

    accuracy                           0.66      1536
   macro avg       0.69      0.55      0.56      1536
weighted avg       0.68      0.66      0.64      1536
matrix:[[282  58  29  22   3   1]
 [ 21 305  20   8   3   0]
 [  8  60 223  19   0   1]
 [ 24  42  40 135   4   0]
 [ 15  35  27  18  55   1]
 [ 11  28  15   9   6   8]]report:              precision    recall  f1-score   support

           0       0.70      0.81      0.75       395
           1       0.72      0.78      0.75       357
           2       0.65      0.72      0.68       311
           3       0.62      0.60      0.61       245
           4       0.60      0.39      0.47       151
           5       0.78      0.09      0.16        77

    accuracy                           0.68      1536
   macro avg       0.68      0.57      0.57      1536
weighted avg       0.68      0.68      0.66      1536
matrix:[[318  25  28  18   5   1]
 [ 38 280  23  12   4   0]
 [ 25  40 225  16   5   0]
 [ 32  23  36 148   6   0]
 [ 26  11  19  35  59   1]
 [ 16   9  15  10  20   7]]report:              precision    recall  f1-score   support

           0       0.59      0.81      0.68       395
           1       0.61      0.80      0.69       357
           2       0.69      0.64      0.67       311
           3       0.69      0.47      0.56       245
           4       0.67      0.29      0.41       151
           5       1.00      0.09      0.17        77

    accuracy                           0.63      1536
   macro avg       0.71      0.52      0.53      1536
weighted avg       0.66      0.63      0.61      1536
matrix:[[318  44  21   8   4   0]
 [ 52 284  15   3   3   0]
 [ 37  68 200   6   0   0]
 [ 56  35  35 115   4   0]
 [ 44  19  13  31  44   0]
 [ 30  19   6   4  11   7]]report:              precision    recall  f1-score   support

           0       0.50      0.90      0.64       395
           1       0.63      0.69      0.66       357
           2       0.79      0.38      0.52       311
           3       0.55      0.40      0.46       245
           4       0.52      0.30      0.38       151
           5       0.62      0.10      0.18        77

    accuracy                           0.57      1536
   macro avg       0.60      0.46      0.47      1536
weighted avg       0.60      0.57      0.54      1536
matrix:[[356  28   6   4   1   0]
 [ 80 248  20   7   2   0]
 [ 87  44 119  56   3   2]
 [ 84  26   3  97  35   0]
 [ 67  23   1  12  45   3]
 [ 43  23   1   1   1   8]]report:              precision    recall  f1-score   support

           0       0.78      0.72      0.74       395
           1       0.67      0.77      0.72       357
           2       0.67      0.71      0.69       311
           3       0.55      0.70      0.62       245
           4       0.60      0.42      0.50       151
           5       0.67      0.13      0.22        77

    accuracy                           0.67      1536
   macro avg       0.66      0.57      0.58      1536
weighted avg       0.67      0.67      0.66      1536
matrix:[[283  34  26  36  14   2]
 [ 41 275  23  14   4   0]
 [  9  49 220  26   4   3]
 [ 18  22  25 172   8   0]
 [ 10  17  21  39  64   0]
 [  4  11  14  26  12  10]]report:              precision    recall  f1-score   support

           0       0.72      0.75      0.74       395
           1       0.67      0.81      0.73       357
           2       0.74      0.68      0.71       311
           3       0.59      0.69      0.64       245
           4       0.71      0.40      0.51       151
           5       0.67      0.29      0.40        77

    accuracy                           0.68      1536
   macro avg       0.68      0.60      0.62      1536
weighted avg       0.69      0.68      0.68      1536
matrix:[[297  43  15  27   9   4]
 [ 25 289  24  15   2   2]
 [ 28  37 213  33   0   0]
 [ 25  27  18 170   5   0]
 [ 25  17  13  31  60   5]
 [ 12  17   5  13   8  22]]report:              precision    recall  f1-score   support

           0       0.68      0.76      0.72       395
           1       0.59      0.75      0.66       357
           2       0.69      0.69      0.69       311
           3       0.68      0.57      0.62       245
           4       0.63      0.35      0.45       151
           5       0.69      0.35      0.47        77

    accuracy                           0.65      1536
   macro avg       0.66      0.58      0.60      1536
weighted avg       0.66      0.65      0.64      1536
matrix:[[302  47  20  15   8   3]
 [ 50 266  24  11   4   2]
 [ 25  53 214  16   3   0]
 [ 37  31  28 140   6   3]
 [ 21  35  19  19  53   4]
 [ 10  20   6   4  10  27]]report:              precision    recall  f1-score   support

           0       0.70      0.77      0.73       395
           1       0.68      0.76      0.72       357
           2       0.65      0.76      0.70       311
           3       0.70      0.60      0.65       245
           4       0.68      0.41      0.51       151
           5       0.58      0.29      0.38        77

    accuracy                           0.68      1536
   macro avg       0.67      0.60      0.62      1536
weighted avg       0.68      0.68      0.67      1536
matrix:[[304  37  29  13   9   3]
 [ 34 273  34   8   5   3]
 [ 25  32 235  16   1   2]
 [ 36  24  26 148   9   2]
 [ 22  22  24  15  62   6]
 [ 15  11  12  12   5  22]]report:              precision    recall  f1-score   support

           0       0.76      0.64      0.70       395
           1       0.72      0.72      0.72       357
           2       0.58      0.79      0.67       311
           3       0.57      0.70      0.63       245
           4       0.66      0.41      0.51       151
           5       0.58      0.25      0.35        77

    accuracy                           0.66      1536
   macro avg       0.65      0.58      0.59      1536
weighted avg       0.67      0.66      0.65      1536
matrix:[[252  39  56  33  10   5]
 [ 30 258  46  15   5   3]
 [ 10  25 245  28   1   2]
 [ 18  17  32 171   7   0]
 [ 15  12  32  26  62   4]
 [  5   7  11  26   9  19]]